100
607 824
248 248
1 1000000
61 344
222 737
856 906
545 684
915 929
817 894
67 363
853 963
125 282
947 974
595 693
274 671
795 849
117 800
699 967
782 803
954 964
340 349
760 865
736 766
933 983
121 904
838 868
178 980
44 236
617 793
55 877
727 826
738 980
732 944
378 969
859 867
619 918
397 766
250 441
354 868
904 923
782 872
207 834
754 947
778 989
361 961
337 506
990 994
832 866
955 997
110 493
569 809
72 651
263 767
530 708
327 536
425 673
720 867
436 893
461 534
828 909
826 844
402 747
653 826
399 945
281 585
250 341
264 766
289 859
985 989
48 774
771 794
298 704
751 959
467 510
568 910
342 552
93 898
97 187
136 625
389 827
668 822
973 990
731 952
949 970
569 723
415 819
172 602
307 797
343 486
817 898
897 930
895 918
101 865
839 966
498 579
453 492
801 992
112 818
827 940
562 573
