64 42 66
76 24 79
46 0 33
68 53 154
16 59 140
31 12 72
49 46 245
73 57 74
4 28 30
9 20 30
44 52 131
46 46 193
87 28 27
65 40 42
62 45 91
47 50 241
44 43 141
57 0 36
38 42 68
31 0 3
29 63 122
54 66 32
30 56 31
44 75 47
0 32 30
75 82 67
61 20 4
4 48 85
93 16 57
77 15 83
2 74 22
22 12 1
30 42 74
37 60 47
7 79 27
10 73 37
59 53 77
26 61 112
56 63 29
67 71 33
73 0 26
0 52 29
56 10 71
24 21 42
20 64 23
77 52 3
60 54 127
48 57 77
54 46 237
28 49 87
44 35 204
85 76 54
52 0 80
61 65 56
39 42 160
42 0 38
38 45 29
0 0 32
39 53 117
34 70 41
13 97 26
37 40 84
4 82 23
49 62 44
60 49 133
9 57 43
59 58 154
31 64 76
48 38 97
0 0 26
56 85 30
76 44 54
32 45 55
76 54 53
60 37 209
9 92 37
44 45 142
31 53 128
59 39 158
42 5 85
26 56 77
42 73 33
11 38 33
52 51 183
67 0 26
81 17 31
32 41 218
5 28 101
30 16 36
15 63 7
43 42 189
46 35 1
0 53 45
30 44 211
91 8 10
35 65 116
33 45 135
10 61 29
16 42 20
47 72 35
38 30 52
1 55 19
58 53 170
66 6 79
77 56 75
12 43 38
48 35 32
54 48 102
4 55 54
63 80 24
74 42 48
48 71 56
29 56 25
29 23 77
60 58 177
4 38 110
56 53 160
0 0 26
46 27 30
77 36 33
38 36 59
48 30 19
0 81 70
25 51 57
45 22 99
13 48 80
50 42 52
24 78 27
4 0 25
46 46 144
83 29 76
51 41 157
78 63 3
54 41 181
0 54 21
26 20 23
26 18 33
94 53 47
15 72 29
14 28 67
59 43 156
0 0 22
41 40 98
30 53 178
49 45 126
40 33 124
26 73 78
26 23 49
27 23 88
4 74 40
76 40 33
45 34 41
7 46 29
30 9 40
32 2 107
7 48 25
50 48 101
89 91 26
28 54 23
73 13 28
64 59 24
47 48 85
14 16 84
26 60 170
33 15 172
70 29 91
13 79 29
39 41 67
16 52 57
38 1 78
65 74 65
0 11 51
32 89 25
0 12 27
35 54 47
70 82 27
0 37 30
47 60 81
33 39 159
24 37 135
16 0 20
18 72 17
15 68 103
52 33 95
46 48 120
65 46 115
78 55 63
60 57 70
0 11 75
57 65 66
48 46 76
0 57 23
4 39 83
68 9 16
94 13 29
68 0 20
64 90 49
76 0 30
23 18 94
0 0 26
55 54 150
73 46 42
53 40 22
14 0 26
0 0 25
37 32 128
50 56 71
28 56 71
43 0 23
58 55 177
50 34 43
34 51 97
56 0 26
65 24 164
7 27 49
16 39 66
27 16 26
19 49 28
19 41 128
9 32 91
47 52 105
55 39 25
47 36 122
62 0 26
36 37 111
66 63 36
51 70 109
49 59 35
78 70 68
82 34 29
75 88 27
17 54 45
54 54 278
61 0 21
27 0 24
67 33 66
45 56 124
41 54 26
49 28 186
51 23 46
40 31 147
76 73 79
90 82 29
26 50 88
61 87 54
55 55 117
85 47 29
48 39 148
70 56 66
65 11 30
0 17 19
67 18 21
58 31 108
31 42 101
63 0 21
52 22 92
48 46 82
15 33 82
50 86 38
33 36 72
54 20 114
62 77 37
47 27 46
7 41 68
0 39 114
0 64 4
42 30 142
47 47 199
38 33 83
48 63 45
48 42 219
10 33 130
61 63 108
43 44 180
74 71 32
41 32 112
60 59 121
38 45 53
31 68 76
41 55 167
42 53 180
91 49 43
58 19 86
27 61 30
41 62 40
35 67 104
79 43 18
54 9 5
29 75 66
75 78 108
23 49 14
32 30 101
6 73 30
89 89 30
37 28 42
73 56 123
13 37 95
41 29 88
53 55 104
57 37 81
69 49 124
68 67 105
46 47 157
74 35 130
34 26 122
61 14 46
27 39 51
58 12 22
73 46 29
40 49 197
16 12 114
11 42 75
43 24 21
48 16 82
32 41 87
6 46 97
32 48 67
45 18 82
55 56 34
35 11 50
36 3 27
33 52 120
64 62 113
49 16 61
51 43 185
59 22 144
26 71 23
38 35 179
66 1 28
36 56 126
0 26 59
24 34 24
74 0 50
26 29 120
36 17 114
49 54 66
50 30 101
0 49 14
83 68 74
11 75 30
51 34 71
19 17 71
40 36 53
34 22 81
52 93 28
9 49 80
53 29 129
44 47 140
80 35 41
24 32 73
47 65 167
46 10 33
10 46 46
21 3 33
83 83 45
58 40 79
23 69 18
46 30 72
29 93 29
25 4 40
41 9 33
31 34 38
26 2 33
51 18 76
47 43 117
55 54 214
26 72 105
66 68 74
44 20 14
60 63 90
92 13 29
64 53 64
0 59 98
55 83 81
7 91 23
19 47 90
56 68 140
45 42 30
62 38 118
39 41 164
81 54 24
39 4 7
49 29 79
36 45 135
32 47 81
70 10 108
34 83 29
35 53 102
95 27 37
64 28 103
15 78 69
43 20 82
6 85 35
0 67 120
72 37 27
48 24 52
73 52 62
57 57 108
29 27 119
29 20 103
44 45 199
33 53 91
76 54 100
41 0 47
26 56 219
74 74 26
64 74 24
23 59 107
12 53 34
76 38 69
92 26 29
50 33 233
0 14 22
42 46 94
0 40 23
68 2 29
18 34 70
55 0 49
17 77 57
21 4 15
45 64 131
53 51 121
45 14 107
82 78 92
62 13 98
50 21 2
18 58 89
44 45 69
33 57 88
9 0 11
12 21 114
27 50 29
56 0 20
48 40 149
29 52 92
15 75 58
54 50 20
43 55 111
14 79 70
34 49 170
32 29 35
55 0 8
17 50 15
49 40 186
47 31 58
41 2 33
7 86 24
59 0 25
6 58 92
29 24 129
86 86 68
21 60 46
44 58 37
0 53 53
41 58 95
73 64 69
96 41 28
35 24 63
28 39 45
47 41 49
46 67 143
23 53 103
30 29 138
56 55 168
34 62 100
17 46 43
60 63 37
52 46 214
2 38 64
53 39 169
39 47 181
41 41 16
54 42 97
46 55 48
46 45 134
27 49 62
13 47 173
12 51 151
15 38 69
69 72 72
18 23 62
38 25 42
56 36 60
46 16 29
0 36 108
44 36 201
32 53 62
19 51 56
56 37 91
78 9 16
46 36 38
62 63 104
62 39 70
63 60 30
50 58 175
7 0 30
8 25 96
36 37 33
45 39 99
50 36 70
27 9 76
60 56 99
56 23 24
62 22 68
32 43 70
48 53 165
53 53 88
59 34 50
57 60 65
69 59 161
27 39 97
46 31 174
